%YAML:1.0
R: !!opencv-matrix
   rows: 3
   cols: 3
   dt: d
   data: [ 9.9992694819369754e-01, -1.9473378709192079e-04,
       1.2085543214551272e-02, 2.1506181061705458e-04,
       9.9999856443853252e-01, -1.6807347475518673e-03,
       -1.2085198569168632e-02, 1.6832111056486539e-03,
       9.9992555461690136e-01 ]
T: !!opencv-matrix
   rows: 3
   cols: 1
   dt: d
   data: [ -1.2022676151236983e+01, 1.0125308301511923e-02,
       5.9826965165329926e-02 ]
R1: !!opencv-matrix
   rows: 3
   cols: 3
   dt: d
   data: [ 9.9997416976371667e-01, -1.0452794558888131e-03,
       7.1110615399149566e-03, 1.0512396286305227e-03,
       9.9999909927795205e-01, -8.3446900953692703e-04,
       -7.1101828815127981e-03, 8.4192288469762814e-04,
       9.9997436790412164e-01 ]
R2: !!opencv-matrix
   rows: 3
   cols: 3
   dt: d
   data: [ 9.9998726443712871e-01, -8.4217350802856961e-04,
       -4.9761136773953663e-03, 8.4634421071014254e-04,
       9.9999929232033569e-01, 8.3609826271389878e-04,
       4.9754060160939412e-03, -8.4029911953460701e-04,
       9.9998726953514994e-01 ]
P1: !!opencv-matrix
   rows: 3
   cols: 4
   dt: d
   data: [ 5.3462267308875721e+02, 0., 6.3949188232421875e+02, 0., 0.,
       5.3462267308875721e+02, 3.7298610687255859e+02, 0., 0., 0., 1.,
       0. ]
P2: !!opencv-matrix
   rows: 3
   cols: 4
   dt: d
   data: [ 5.3462267308875721e+02, 0., 6.3949188232421875e+02,
       -6.4276771217408668e+03, 0., 5.3462267308875721e+02,
       3.7298610687255859e+02, 0., 0., 0., 1., 0. ]
Q: !!opencv-matrix
   rows: 4
   cols: 4
   dt: d
   data: [ 1., 0., 0., -6.3949188232421875e+02, 0., 1., 0.,
       -3.7298610687255859e+02, 0., 0., 0., 5.3462267308875721e+02, 0.,
       0., 8.3175097778396254e-02, 0. ]
