%YAML:1.0
R: !!opencv-matrix
   rows: 3
   cols: 3
   dt: d
   data: [ 9.9988640999649747e-01, -5.6404031294013922e-04,
       1.5061505995139267e-02, 6.3439597046786140e-04,
       9.9998890894537751e-01, -4.6668541852203848e-03,
       -1.5058706653258499e-02, 4.6758790359496339e-03,
       9.9987567802660959e-01 ]
T: !!opencv-matrix
   rows: 3
   cols: 1
   dt: d
   data: [ -1.2071764651250273e+01, 2.4467927532707536e-03,
       6.4194577388793139e-02 ]
R1: !!opencv-matrix
   rows: 3
   cols: 3
   dt: d
   data: [ 9.9995220081369796e-01, -7.9157924096357813e-04,
       9.7452290966947158e-03, 8.1432464838619028e-04,
       9.9999695338260064e-01, -2.3302576861734298e-03,
       -9.7433548230997161e-03, 2.3380820820097688e-03,
       9.9994979894441127e-01 ]
R2: !!opencv-matrix
   rows: 3
   cols: 3
   dt: d
   data: [ 9.9998584054877171e-01, -2.0268437785387288e-04,
       -5.3176706375359668e-03, 2.1509636461066069e-04,
       9.9999725393887928e-01, 2.3336341303972497e-03,
       5.3171830437055180e-03, -2.3347448990409230e-03,
       9.9998313812320649e-01 ]
P1: !!opencv-matrix
   rows: 3
   cols: 4
   dt: d
   data: [ 6.4249390098704509e+02, 0., 3.1377412414550781e+02, 0., 0.,
       6.4249390098704509e+02, 2.5440721511840820e+02, 0., 0., 0., 1.,
       0. ]
P2: !!opencv-matrix
   rows: 3
   cols: 4
   dt: d
   data: [ 6.4249390098704509e+02, 0., 3.1377412414550781e+02,
       -7.7561449853359400e+03, 0., 6.4249390098704509e+02,
       2.5440721511840820e+02, 0., 0., 0., 1., 0. ]
Q: !!opencv-matrix
   rows: 4
   cols: 4
   dt: d
   data: [ 1., 0., 0., -3.1377412414550781e+02, 0., 1., 0.,
       -2.5440721511840820e+02, 0., 0., 0., 6.4249390098704509e+02, 0.,
       0., 8.2836757461569918e-02, 0. ]
