%YAML:1.0
M1: !!opencv-matrix
   rows: 3
   cols: 3
   dt: d
   data: [ 6.9764577627420090e+02, 0., 6.3844687248032687e+02, 0.,
       6.9964670442124179e+02, 3.6506708144104681e+02, 0., 0., 1. ]
D1: !!opencv-matrix
   rows: 1
   cols: 14
   dt: d
   data: [ -1.6263009566807898e-01, 7.3120687668727403e-03, 0., 0., 0.,
       0., 0., -1.2502883176673330e-02, 0., 0., 0., 0., 0., 0. ]
M2: !!opencv-matrix
   rows: 3
   cols: 3
   dt: d
   data: [ 6.9764577627420090e+02, 0., 6.4258807562744494e+02, 0.,
       6.9964670442124179e+02, 3.7777598793532542e+02, 0., 0., 1. ]
D2: !!opencv-matrix
   rows: 1
   cols: 14
   dt: d
   data: [ -1.6291394537220877e-01, 9.6142461278448093e-03, 0., 0., 0.,
       0., 0., -9.7641777277717046e-03, 0., 0., 0., 0., 0., 0. ]
