%YAML:1.0
M1: !!opencv-matrix
   rows: 3
   cols: 3
   dt: d
   data: [ 7.0501496093455671e+02, 0., 3.1476187224850457e+02, 0.,
       7.0645173663407468e+02, 2.4603953646590520e+02, 0., 0., 1. ]
D1: !!opencv-matrix
   rows: 1
   cols: 14
   dt: d
   data: [ -1.4786081132170711e-01, -3.8151684681942209e-02, 0., 0., 0.,
       0., 0., -1.2992899811729188e-02, 0., 0., 0., 0., 0., 0. ]
M2: !!opencv-matrix
   rows: 3
   cols: 3
   dt: d
   data: [ 7.0501496093455671e+02, 0., 3.1720687167144052e+02, 0.,
       7.0645173663407468e+02, 2.6117400268979497e+02, 0., 0., 1. ]
D2: !!opencv-matrix
   rows: 1
   cols: 14
   dt: d
   data: [ -1.3821857557452036e-01, -1.2472224313830409e-01, 0., 0., 0.,
       0., 0., -2.2678580843337040e-01, 0., 0., 0., 0., 0., 0. ]
