read pose
[[  9.99999211e-01  -5.33258323e-04  -1.13723786e-03]
 [  5.32831911e-04   9.99999788e-01  -3.75224616e-04]
 [  1.13743771e-03   3.74618364e-04   9.99999283e-01]]
[  4.19616699e-04   2.94370651e-02  -1.18635273e+00]
read pose
[[  9.99998906e-01   9.48008911e-04  -1.13553034e-03]
 [ -9.49069991e-04   9.99999113e-01  -9.34260853e-04]
 [  1.13464365e-03   9.35337528e-04   9.99998919e-01]]
[-0.0080204   0.04919529 -1.24574471]
read pose
[[  9.99995318e-01   6.72404339e-05  -3.05921210e-03]
 [ -6.87268565e-05   9.99999880e-01  -4.85781589e-04]
 [  3.05917907e-03   4.85989565e-04   9.99995203e-01]]
[ 0.12854671  0.01589584 -1.0439043 ]
read pose
[[  9.99999152e-01   1.37978684e-04  -1.29461113e-03]
 [ -1.37655464e-04   9.99999959e-01   2.49751574e-04]
 [  1.29464554e-03  -2.49573152e-04   9.99999131e-01]]
[ 0.00819588  0.02858353 -1.16314411]
read pose
[[  9.99993121e-01   3.17181926e-03  -1.92282434e-03]
 [ -3.17253845e-03   9.99994899e-01  -3.71096098e-04]
 [  1.92163748e-03   3.77193780e-04   9.99998083e-01]]
[ 0.05239582  0.07754803 -1.10297775]
read pose
[[ 0.99998759  0.00406432 -0.00288154]
 [-0.00406853  0.99999066 -0.00145621]
 [ 0.00287559  0.00146791  0.99999479]]
[ 0.11080456  0.08363056 -1.01586151]
read pose
[[  9.99999925e-01  -2.56414270e-04  -2.89316374e-04]
 [  2.56212629e-04   9.99999724e-01  -6.96776663e-04]
 [  2.89494957e-04   6.96702485e-04   9.99999715e-01]]
[ 0.01881504  0.01348305 -1.15584373]
read pose
[[  9.99999050e-01   1.17037351e-03   7.27653212e-04]
 [ -1.16926828e-03   9.99998165e-01  -1.51746246e-03]
 [ -7.29427875e-04   1.51661020e-03   9.99998584e-01]]
[ 0.03351593  0.04964924 -1.11371899]
read pose
[[  9.99994505e-01   2.92076620e-03   1.56790804e-03]
 [ -2.92216879e-03   9.99995332e-01   8.93017247e-04]
 [ -1.56529243e-03  -8.97594033e-04   9.99998372e-01]]
[ 0.03318214  0.0305748  -1.11730194]
read pose
[[  9.99996437e-01   1.14164029e-03   2.41295122e-03]
 [ -1.14197578e-03   9.99999338e-01   1.37663652e-04]
 [ -2.41279246e-03  -1.40418693e-04   9.99997079e-01]]
[ 0.00467968  0.04097366 -1.13831997]
read pose
[[  9.99999393e-01  -2.27751634e-04   1.07799710e-03]
 [  2.28049643e-04   9.99999936e-01  -2.76331830e-04]
 [ -1.07793410e-03   2.76577499e-04   9.99999381e-01]]
[ 0.02090359  0.02999783 -1.04006672]
read pose
[[  9.99998359e-01   7.48089781e-04   1.64993495e-03]
 [ -7.48080048e-04   9.99999720e-01  -6.51614102e-06]
 [ -1.64993936e-03   5.28184691e-06   9.99998639e-01]]
[-0.02598667  0.05401897 -1.22471046]
read pose
[[  9.99997257e-01   2.28356818e-03   5.20746964e-04]
 [ -2.28362330e-03   9.99997387e-01   1.05284256e-04]
 [ -5.20505179e-04  -1.06473157e-04   9.99999859e-01]]
[ 0.02172852  0.04324341 -1.15713024]
read pose
[[  9.99999379e-01  -7.58278109e-04   8.16777626e-04]
 [  7.58654145e-04   9.99999606e-01  -4.60178927e-04]
 [ -8.16428361e-04   4.60798293e-04   9.99999561e-01]]
[-0.00789356  0.0245018  -1.15752029]
read pose
[[  9.99998157e-01   1.81840751e-03   6.15619230e-04]
 [ -1.81854179e-03   9.99998323e-01   2.17640797e-04]
 [ -6.15222438e-04  -2.18759926e-04   9.99999787e-01]]
[  5.05447388e-04   2.86502838e-02  -1.19225025e+00]
read pose
[[  9.99996159e-01   2.72639717e-03   4.99263693e-04]
 [ -2.72638335e-03   9.99996283e-01  -2.83534645e-05]
 [ -4.99339140e-04   2.69921713e-05   9.99999875e-01]]
[ 0.03411579  0.04370213 -1.14278316]
read pose
[[  9.99998115e-01   1.88565794e-03   4.63420004e-04]
 [ -1.88589607e-03   9.99998090e-01   5.13949379e-04]
 [ -4.62449986e-04  -5.14822372e-04   9.99999761e-01]]
[ 0.03299522  0.05408382 -1.19468307]
read pose
[[  9.99999608e-01  -5.51657275e-04  -6.92549673e-04]
 [  5.50508326e-04   9.99998474e-01  -1.65810900e-03]
 [  6.93463324e-04   1.65772710e-03   9.99998386e-01]]
[ 0.07057285  0.05259037 -1.10831356]
read pose
[[ 0.99999527  0.00216701  0.0021823 ]
 [-0.00216921  0.99999714  0.00100721]
 [-0.00218012 -0.00101194  0.99999711]]
[-0.00936699  0.01778793 -1.12275028]
read pose
[[  9.99999102e-01   1.28353170e-03   3.85205579e-04]
 [ -1.28312875e-03   9.99998631e-01  -1.04448183e-03]
 [ -3.86545677e-04   1.04398662e-03   9.99999380e-01]]
[ 0.0471344   0.0593071  -1.07705975]
read pose
[[ 0.99999854  0.00125367  0.00116334]
 [-0.00125235  0.99999857 -0.00114085]
 [-0.00116477  0.00113939  0.99999867]]
[ 0.00702286  0.04364109 -1.15978432]
read pose
[[ 0.99998917  0.00437564  0.00158492]
 [-0.00437284  0.99998888 -0.00176711]
 [-0.00159263  0.00176016  0.99999718]]
[-0.00235844  0.03867435 -1.17725563]
read pose
[[  9.99999200e-01  -6.35251424e-04   1.09343882e-03]
 [  6.35278052e-04   9.99999798e-01  -2.40053726e-05]
 [ -1.09342335e-03   2.46999911e-05   9.99999402e-01]]
[-0.04892159  0.01022816 -0.97135067]
read pose
[[  9.99999374e-01   1.10714250e-03   1.63480858e-04]
 [ -1.10728572e-03   9.99999001e-01   8.78553644e-04]
 [ -1.62508010e-04  -8.78734114e-04   9.99999601e-01]]
[ 0.03554916  0.02797318 -1.16373539]
read pose
[[  9.99999679e-01  -2.97299893e-04   7.43529566e-04]
 [  2.96292274e-04   9.99999038e-01   1.35492664e-03]
 [ -7.43931670e-04  -1.35470591e-03   9.99998806e-01]]
[ 0.01599789  0.02715588 -1.18523216]
read pose
[[  9.99999948e-01   3.19892150e-04   2.78395607e-05]
 [ -3.19891988e-04   9.99999949e-01  -5.82009669e-06]
 [ -2.78414211e-05   5.81119074e-06   1.00000000e+00]]
[ 0.03336048  0.02727413 -1.12134933]
read pose
[[  9.99995923e-01   2.48056932e-03   1.41452554e-03]
 [ -2.48053086e-03   9.99996923e-01  -2.89420434e-05]
 [ -1.41459298e-03   2.54331512e-05   9.99998999e-01]]
[ -1.78709030e-02  -1.12819672e-03  -1.17458820e+00]
read pose
[[  9.99999610e-01  -1.80178771e-04   8.64742682e-04]
 [  1.80379920e-04   9.99999957e-01  -2.32538461e-04]
 [ -8.64700746e-04   2.32694353e-04   9.99999599e-01]]
[ 0.00948906  0.02384853 -1.17557716]
read pose
[[  9.99999885e-01   4.76033329e-04   5.27874775e-05]
 [ -4.75985863e-04   9.99999486e-01  -8.95581561e-04]
 [ -5.32137770e-05   8.95556333e-04   9.99999598e-01]]
[ 0.02685452  0.03918552 -1.18908596]
read pose
[[  9.99996983e-01   2.19410174e-03   1.10411879e-03]
 [ -2.19431467e-03   9.99997574e-01   1.91678180e-04]
 [ -1.10369555e-03  -1.94100386e-04   9.99999372e-01]]
[-0.01689625  0.0297184  -1.21188354]
read pose
[[  9.99999635e-01  -5.22703137e-04   6.75493623e-04]
 [  5.23489332e-04   9.99999185e-01  -1.16423000e-03]
 [ -6.74884526e-04   1.16458319e-03   9.99999094e-01]]
[-0.00915146  0.03309631 -1.1968956 ]
read pose
[[  9.99999351e-01   8.87766323e-04  -7.13707233e-04]
 [ -8.88771494e-04   9.99998612e-01  -1.40929791e-03]
 [  7.12455115e-04   1.40993132e-03   9.99998752e-01]]
[ 0.04699135  0.02882862 -1.16545296]
read pose
[[  9.99999111e-01   6.44577658e-04  -1.16713482e-03]
 [ -6.47866874e-04   9.99995814e-01  -2.82001540e-03]
 [  1.16531222e-03   2.82076904e-03   9.99995343e-01]]
[ 0.04637146  0.06909084 -1.12742138]
read pose
[[  9.99999326e-01   2.03092625e-04   1.14289675e-03]
 [ -2.03190237e-04   9.99999976e-01   8.52922304e-05]
 [ -1.14287940e-03  -8.55243984e-05   9.99999343e-01]]
[-0.01554012  0.03972721 -1.16082573]
read pose
[[  9.99996726e-01  -2.53229749e-03  -3.67331079e-04]
 [  2.53221980e-03   9.99996771e-01  -2.11810694e-04]
 [  3.67866261e-04   2.10879837e-04   9.99999910e-01]]
[ 0.02372169  0.02910137 -1.16406918]
read pose
[[  9.99999826e-01   5.14036954e-05   5.87952792e-04]
 [ -4.95934158e-05   9.99995260e-01  -3.07855432e-03]
 [ -5.88108254e-04   3.07852462e-03   9.99995088e-01]]
[-0.01635551  0.05469894 -1.18731689]
read pose
[[ 0.99999456  0.00227864 -0.00238516]
 [-0.00228725  0.99999086 -0.00361297]
 [ 0.00237691  0.00361841  0.99999063]]
[ 0.03540134  0.05766964 -1.17488956]
read pose
[[ 0.99999307 -0.00209126 -0.00307875]
 [ 0.00208168  0.99999299 -0.00311188]
 [ 0.00308524  0.00310545  0.99999042]]
[ 0.06420898  0.02374363 -1.14852905]
read pose
[[  9.99996843e-01   8.90435074e-04  -2.34976080e-03]
 [ -8.98234609e-04   9.99994084e-01  -3.32032394e-03]
 [  2.34679037e-03   3.32242409e-03   9.99991727e-01]]
[ 0.01859379  0.04239655 -1.21041584]
read pose
[[ 0.9999942   0.00257577 -0.00222633]
 [-0.00258021  0.99999468 -0.00199707]
 [ 0.00222117  0.0020028   0.99999553]]
[ 0.04325294  0.05817032 -1.15905476]
read pose
[[  9.99997705e-01  -3.62271315e-04  -2.11174071e-03]
 [  3.66151425e-04   9.99998245e-01   1.83730156e-03]
 [  2.11107140e-03  -1.83807056e-03   9.99996082e-01]]
[ 0.02427006  0.00644779 -1.19515991]
read pose
[[  9.99998794e-01   1.47114538e-03  -4.96845843e-04]
 [ -1.46993932e-03   9.99995994e-01   2.41913515e-03]
 [  5.00402752e-04  -2.41840190e-03   9.99996950e-01]]
[-0.0036459   0.02653313 -1.18359947]
read pose
[[  9.99984589e-01   5.24608537e-03  -1.81655099e-03]
 [ -5.24711631e-03   9.99986075e-01  -5.63227782e-04]
 [  1.81357096e-03   5.72750757e-04   9.99998191e-01]]
[ 0.07066345  0.07295513 -1.04996586]
read pose
[[  9.99979383e-01   6.42101847e-03  -6.81992728e-05]
 [ -6.42102596e-03   9.99979379e-01  -1.10278189e-04]
 [  6.74897682e-05   1.10713825e-04   9.99999992e-01]]
[ 0.04171276  0.07054615 -1.04971027]
read pose
[[ 0.99999622  0.00208705  0.00179154]
 [-0.00208897  0.99999725  0.00106874]
 [-0.0017893  -0.00107248  0.99999782]]
[ 0.02507305  0.02843285 -1.07008457]
read pose
[[ 0.99997915  0.00587119  0.00268885]
 [-0.00586544  0.99998051 -0.0021392 ]
 [-0.00270136  0.00212339  0.9999941 ]]
[ 0.05317497  0.08373356 -1.02298927]
read pose
[[  9.99994428e-01   3.33830721e-03   4.08636776e-06]
 [ -3.33829027e-03   9.99992031e-01  -2.18932249e-03]
 [ -1.13949663e-05   2.18929665e-03   9.99997603e-01]]
[ 0.08233643  0.05929565 -1.03205681]
read pose
[[  9.99990918e-01   4.25469308e-03   2.49599101e-04]
 [ -4.25466840e-03   9.99990944e-01  -9.93365414e-05]
 [ -2.50019488e-04   9.82736778e-05   9.99999964e-01]]
[ 0.06000519  0.04529095 -1.09177113]
read pose
[[  9.99997172e-01   2.37496080e-03   1.28548194e-04]
 [ -2.37481706e-03   9.99996567e-01  -1.10702097e-03]
 [ -1.31176885e-04   1.10671256e-03   9.99999379e-01]]
[ 0.07743645  0.05724621 -1.0676527 ]
read pose
[[ 0.99999672  0.00211768  0.00144112]
 [-0.00211972  0.99999675  0.00141406]
 [-0.00143812 -0.00141711  0.99999796]]
[ 0.01868057  0.02456665 -1.12062931]
read pose
[[  9.99962021e-01   8.52223872e-03   1.82412332e-03]
 [ -8.52233092e-03   9.99963683e-01   4.27799361e-05]
 [ -1.82369250e-03  -5.83240940e-05   9.99998335e-01]]
[ 0.00246239  0.08593369 -1.14340019]
read pose
[[  9.99993877e-01   3.47331986e-03   4.26674661e-04]
 [ -3.47428075e-03   9.99991383e-01   2.27233165e-03]
 [ -4.18778450e-04  -2.27380013e-03   9.99997327e-01]]
[ 0.01941013  0.01970673 -1.12886143]
read pose
[[ 0.99999212  0.0037564  -0.00128764]
 [-0.00375887  0.99999108 -0.00192426]
 [ 0.0012804   0.00192909  0.99999732]]
[ 0.064538    0.06373501 -1.11550903]
read pose
[[ 0.99998271  0.00518204  0.00277791]
 [-0.00517443  0.99998286 -0.00273778]
 [-0.00279205  0.00272336  0.99999239]]
[-0.00325871  0.07600403 -1.08421421]
read pose
[[  9.99999853e-01   2.19209217e-04  -4.95597933e-04]
 [ -2.18740480e-04   9.99999529e-01   9.45658027e-04]
 [  4.95804996e-04  -9.45549480e-04   9.99999430e-01]]
[ 0.05070019  0.03186417 -1.0829525 ]
read pose
[[  9.99999599e-01   8.55421472e-05   8.91522789e-04]
 [ -8.64032334e-05   9.99999530e-01   9.65866309e-04]
 [ -8.91439748e-04  -9.65942952e-04   9.99999136e-01]]
[ 0.01755905  0.03308582 -1.13005829]
read pose
[[  9.99999002e-01  -1.41136331e-03   7.02131511e-05]
 [  1.41133095e-03   9.99998899e-01   4.58898736e-04]
 [ -7.08607466e-05  -4.58799183e-04   9.99999892e-01]]
[ 0.02045822  0.02039337 -1.15033245]
read pose
[[  9.99999016e-01   1.39261000e-03  -1.70761044e-04]
 [ -1.39257442e-03   9.99999009e-01   2.08325406e-04]
 [  1.71050990e-04  -2.08087404e-04   9.99999964e-01]]
[ 0.02460766  0.05048561 -1.13421535]
read pose
[[  9.99992304e-01   3.78052628e-03   1.04882244e-03]
 [ -3.78128818e-03   9.99992588e-01   7.25406919e-04]
 [ -1.04607224e-03  -7.29367236e-04   9.99999187e-01]]
[ 0.01661301  0.04842091 -1.12001133]
read pose
[[  9.99993180e-01   3.64932123e-03   5.67888368e-04]
 [ -3.64927886e-03   9.99993339e-01  -7.56179885e-05]
 [ -5.68160539e-04   7.35450898e-05   9.99999836e-01]]
[ 0.00305367  0.03341866 -1.12096977]
read pose
[[  9.99991080e-01   3.45793694e-03  -2.42546981e-03]
 [ -3.46019428e-03   9.99993584e-01  -9.27102827e-04]
 [  2.42224838e-03   9.35487154e-04   9.99996629e-01]]
[ 0.04611683  0.05742168 -1.05931473]
read pose
[[ 0.99999365  0.00200225 -0.00294921]
 [-0.0019987   0.99999727  0.00120706]
 [ 0.00295162 -0.00120116  0.99999492]]
[ 0.02710152  0.03705311 -1.14793205]
read pose
[[ 0.99999084  0.00344504 -0.00253874]
 [-0.00342839  0.99997277  0.00653498]
 [ 0.00256118 -0.00652622  0.99997542]]
[ 0.02406883  0.00460243 -1.14015961]
read pose
[[  9.99989025e-01   5.05722139e-05  -4.68472262e-03]
 [ -5.18626487e-05   9.99999961e-01  -2.75334900e-04]
 [  4.68470851e-03   2.75574840e-04   9.99988989e-01]]
[ 0.04416084  0.03169346 -1.12411594]
read pose
[[ 0.99997167  0.00479181 -0.00580451]
 [-0.00481327  0.99998161 -0.0036892 ]
 [ 0.00578673  0.00371703  0.99997635]]
[ 0.08522701  0.04164124 -1.06021976]
read pose
[[ 0.99995991  0.00765183 -0.00465135]
 [-0.00766375  0.99996738 -0.00254959]
 [ 0.00463169  0.00258514  0.99998593]]
[ 0.08448696  0.04368877 -1.04118538]
read pose
[[ 0.99996791  0.00636837 -0.00485934]
 [-0.00636288  0.9999791   0.00114401]
 [ 0.00486652 -0.00111305  0.99998754]]
[ 0.04444408  0.03648853 -1.10935593]
read pose
[[  9.99970765e-01  -3.77357586e-04  -7.63720016e-03]
 [  3.96148717e-04   9.99996898e-01   2.45911060e-03]
 [  7.63624851e-03  -2.46206417e-03   9.99967812e-01]]
[ 0.13847351  0.01702499 -0.8731308 ]
read pose
[[ 0.9999826   0.00340574 -0.00481639]
 [-0.00339171  0.99998999  0.00291821]
 [ 0.00482629 -0.00290183  0.99998414]]
[ 0.04365921  0.03234196 -1.09273529]
read pose
[[ 0.99999168  0.0029198  -0.00284989]
 [-0.00291543  0.99999457  0.00153492]
 [ 0.00285435 -0.00152659  0.99999476]]
[-0.02665901  0.01922607 -0.99086285]
read pose
[[  9.99997366e-01   9.89846737e-04  -2.07073050e-03]
 [ -9.91293340e-04   9.99999265e-01  -6.97685621e-04]
 [  2.07003838e-03   6.99736485e-04   9.99997613e-01]]
[-0.02537441  0.02773476 -1.0628233 ]
read pose
[[ 0.99998608  0.00227282  0.00476183]
 [-0.0022581   0.99999266 -0.00309529]
 [-0.00476883  0.0030845   0.99998387]]
[-0.02756214  0.09994411 -0.68013954]
read pose
[[ 0.99998802  0.00457935 -0.00173169]
 [-0.00457669  0.99998834  0.00154118]
 [ 0.00173873 -0.00153323  0.99999731]]
[ 0.06602383  0.0607748  -0.97014713]
read pose
[[  9.99994037e-01   1.00036755e-03  -3.30528329e-03]
 [ -9.93152677e-04   9.99997122e-01   2.18375198e-03]
 [  3.30745833e-03  -2.18045631e-03   9.99992153e-01]]
[ 0.07692432  0.03381348 -1.00943565]
read pose
[[  9.99992144e-01  -7.14804412e-04  -3.89883790e-03]
 [  7.14451620e-04   9.99999741e-01  -9.18783281e-05]
 [  3.89890256e-03   8.90920752e-05   9.99992395e-01]]
[ 0.12172318  0.0392971  -0.89905548]
read pose
[[  9.99986787e-01   4.96278733e-03  -1.34060672e-03]
 [ -4.96393761e-03   9.99987313e-01  -8.56064434e-04]
 [  1.33634124e-03   8.62707810e-04   9.99998735e-01]]
[ 0.01318741  0.03571415 -1.03140736]
read pose
[[ 0.9999928  -0.00268702 -0.00267963]
 [ 0.00268306  0.9999953  -0.00148099]
 [ 0.0026836   0.00147379  0.99999531]]
[ 0.03307247  0.00700474 -1.08563995]
read pose
[[  9.99996659e-01   3.96534926e-05  -2.58461153e-03]
 [ -4.38981189e-05   9.99998651e-01  -1.64223255e-03]
 [  2.58454292e-03   1.64234053e-03   9.99995311e-01]]
[ 0.03082657  0.02372074 -1.09409618]
read pose
[[ 0.99999574  0.00229916 -0.00180056]
 [-0.00230188  0.99999621 -0.00151177]
 [ 0.00179708  0.00151591  0.99999724]]
[ 0.01064205  0.03084469 -1.1296339 ]
read pose
[[  9.99996488e-01   5.99546068e-04  -2.58145223e-03]
 [ -5.94138982e-04   9.99997629e-01   2.09484817e-03]
 [  2.58270207e-03  -2.09330707e-03   9.99994474e-01]]
[ 0.03205013  0.0242672  -1.13022804]
read pose
[[ 0.99999606  0.00103157 -0.00260944]
 [-0.00102063  0.9999907   0.00419012]
 [ 0.00261374 -0.00418744  0.99998782]]
[ 0.05429649  0.02359009 -1.06593132]
read pose
[[  9.99997961e-01  -2.01290767e-03  -1.60396372e-04]
 [  2.01343356e-03   9.99992365e-01   3.34890384e-03]
 [  1.53654113e-04  -3.34921996e-03   9.99994380e-01]]
[-0.01726151 -0.01220226 -1.13943672]
read pose
[[ 0.99999794 -0.00120655 -0.00163333]
 [ 0.00120973  0.99999737  0.00194652]
 [ 0.00163097 -0.00194849  0.99999677]]
[ 0.05037212  0.00741005 -1.08470917]
read pose
[[ 0.99999599 -0.00202028  0.00198544]
 [ 0.00201801  0.99999731  0.00114384]
 [-0.00198774 -0.00113983  0.99999737]]
[-0.04367733 -0.02485371 -1.18867111]
read pose
[[  9.99999789e-01   1.79188574e-04   6.24673654e-04]
 [ -1.79187122e-04   9.99999984e-01  -2.38054797e-06]
 [ -6.24674071e-04   2.26861399e-06   9.99999805e-01]]
[ 0.02594376 -0.01189518 -1.15288544]
read pose
[[  9.99990895e-01  -4.21589431e-03   6.60896373e-04]
 [  4.21590868e-03   9.99991113e-01  -2.03579260e-05]
 [ -6.60804673e-04   2.31440194e-05   9.99999781e-01]]
[ 0.06816196 -0.0229702  -1.09294987]
read pose
[[  9.99991482e-01  -4.12669934e-03   8.44692315e-05]
 [  4.12672481e-03   9.99991439e-01  -3.03549519e-04]
 [ -8.32158507e-05   3.03895514e-04   9.99999950e-01]]
[ 0.13165951 -0.00888157 -0.95821953]
read pose
[[  9.99996417e-01  -2.67609024e-03  -6.88522749e-05]
 [  2.67607820e-03   9.99996404e-01  -1.74339890e-04]
 [  6.93185766e-05   1.74155011e-04   9.99999982e-01]]
[ 0.11399841  0.01325798 -1.01104164]
read pose
[[  9.99991518e-01  -5.68802371e-04   4.07917845e-03]
 [  5.66060252e-04   9.99999613e-01   6.73346351e-04]
 [ -4.07955987e-03  -6.71031579e-04   9.99991453e-01]]
[-0.00783157 -0.00704002 -1.17046642]
read pose
[[ 0.99997635 -0.00676625  0.0012326 ]
 [ 0.00676456  0.99997619  0.00136665]
 [-0.00124182 -0.00135828  0.99999831]]
[ 0.11444759  0.02544308 -1.05955029]
read pose
[[  9.99993495e-01  -9.74832382e-04   3.47267236e-03]
 [  9.74985920e-04   9.99999524e-01  -4.25207470e-05]
 [ -3.47262926e-03   4.59062771e-05   9.99993969e-01]]
[ 0.03265762  0.02189064 -1.18243313]
read pose
[[ 0.99999157  0.00244621  0.00329744]
 [-0.0024365   0.99999269 -0.00294715]
 [-0.00330463  0.00293909  0.99999022]]
[ 0.09160423  0.08574104 -0.98200893]
read pose
[[  9.99984877e-01  -7.19021153e-04   5.45234951e-03]
 [  7.19871485e-04   9.99999729e-01  -1.53996229e-04]
 [ -5.45223730e-03   1.57918891e-04   9.99985124e-01]]
[ 0.00277328  0.02970982 -1.17961979]
read pose
[[ 0.99999168  0.00336164  0.00231216]
 [-0.00335559  0.99999095 -0.00261553]
 [-0.00232094  0.00260775  0.99999391]]
[ 0.09796143  0.10279655 -1.01898289]
read pose
[[  9.99992597e-01  -3.09447573e-03   2.28687841e-03]
 [  3.09314133e-03   9.99995044e-01   5.86809480e-04]
 [ -2.28868295e-03  -5.79731498e-04   9.99997213e-01]]
[ 0.10477638 -0.01446724 -0.85585976]
read pose
[[  9.99995883e-01   7.14916602e-05   2.86865989e-03]
 [ -6.83164016e-05   9.99999385e-01  -1.10696143e-03]
 [ -2.86873727e-03   1.10676090e-03   9.99995273e-01]]
[ 0.09568501  0.0524683  -1.24889946]
read pose
[[ 0.99997962 -0.00449361  0.00453481]
 [ 0.00448314  0.99998727  0.00231551]
 [-0.00454515 -0.00229513  0.99998704]]
[ 0.05602551 -0.036973   -1.05308437]
read pose
[[  9.99984742e-01  -2.02659916e-04   5.52030988e-03]
 [  1.95501631e-04   9.99999139e-01   1.29722670e-03]
 [ -5.52056803e-03  -1.29612768e-03   9.99983922e-01]]
[-0.01022339 -0.00981331 -1.24877167]
read pose
[[ 0.99998888 -0.00334648  0.00332429]
 [ 0.00333955  0.99999224  0.00208929]
 [-0.00333126 -0.00207816  0.99999229]]
[ 0.03395939 -0.02188206 -1.27557945]
read pose
[[  9.99990160e-01  -3.24463530e-03   3.02522453e-03]
 [  3.24236124e-03   9.99994458e-01   7.56299468e-04]
 [ -3.02766168e-03  -7.46483156e-04   9.99995138e-01]]
[ 0.0049963   0.01561069 -1.21060371]
read pose
[[  9.99997674e-01   1.79434650e-03   1.19655455e-03]
 [ -1.79515856e-03   9.99998159e-01   6.77938595e-04]
 [ -1.19533589e-03  -6.80085024e-04   9.99999054e-01]]
[ 0.02618217  0.0429287  -1.1782465 ]
read pose
[[  9.99999861e-01  -5.26125598e-04   4.08486152e-05]
 [  5.26111448e-04   9.99999802e-01   3.45657150e-04]
 [ -4.10304662e-05  -3.45635611e-04   9.99999939e-01]]
[ 0.07857704  0.03181934 -1.1600666 ]
read pose
[[ 0.99999216  0.00345689 -0.00193326]
 [-0.00346506  0.99998502 -0.00423602]
 [ 0.00191859  0.00424269  0.99998916]]
[ 0.14643002  0.13093472 -1.08123684]
read pose
[[  9.99999993e-01  -2.75803006e-05  -1.11044265e-04]
 [  2.75493384e-05   9.99999961e-01  -2.78819482e-04]
 [  1.11051951e-04   2.78816421e-04   9.99999955e-01]]
[ 0.02351284  0.01374435 -1.23945618]
read pose
[[ 0.99999718  0.00206235 -0.00118118]
 [-0.0020662   0.99999252 -0.00327107]
 [ 0.00117442  0.0032735   0.99999395]]
[ 0.12948608  0.08320427 -1.07573318]
read pose
[[ 0.99998973  0.00373449 -0.00256663]
 [-0.00375414  0.99996335 -0.00769388]
 [ 0.00253781  0.00770344  0.99996711]]
[ 0.13072872  0.1544714  -0.87434864]
read pose
[[  9.99999281e-01  -1.49570291e-04  -1.18942080e-03]
 [  1.51457181e-04   9.99998730e-01   1.58646169e-03]
 [  1.18918200e-03  -1.58664070e-03   9.99998034e-01]]
[ 0.0612278   0.00738335 -1.24039459]
read pose
[[  9.99988794e-01   3.83784092e-03  -2.77184754e-03]
 [ -3.83921020e-03   9.99992511e-01  -4.88841641e-04]
 [  2.76995068e-03   4.99477868e-04   9.99996039e-01]]
[ 0.17321014  0.11563301 -0.88945007]
read pose
[[  9.99998770e-01   1.93487553e-04   1.55662263e-03]
 [ -1.94812287e-04   9.99999619e-01   8.50924543e-04]
 [ -1.55645739e-03  -8.51226746e-04   9.99998426e-01]]
[-0.01575756  0.00790691 -1.22550678]
read pose
[[ 0.99999066  0.0041178   0.00131485]
 [-0.00411603  0.99999062 -0.00134805]
 [-0.00132038  0.00134263  0.99999823]]
[ 0.00127888  0.03358936 -1.26695251]
read pose
[[ 0.99998863  0.00435735 -0.00193762]
 [-0.0043625   0.99998694 -0.00266116]
 [ 0.001926    0.00266958  0.99999458]]
[ 0.0876255   0.0526123  -1.18402576]
read pose
[[  9.99996164e-01   2.76224480e-03  -2.04412732e-04]
 [ -2.76272284e-03   9.99993360e-01  -2.37648286e-03]
 [  1.97846947e-04   2.37703848e-03   9.99997155e-01]]
[ 0.01771832  0.05194759 -1.22851753]
read pose
[[  9.99997858e-01   1.92430270e-03  -7.62234975e-04]
 [ -1.92194921e-03   9.99993421e-01   3.07640245e-03]
 [  7.68149890e-04  -3.07493088e-03   9.99994977e-01]]
[ 0.01054478  0.00465679 -1.12087345]
read pose
[[  9.99959233e-01   8.98150892e-03   9.30263106e-04]
 [ -8.98166004e-03   9.99959652e-01   1.58406210e-04]
 [ -9.28802845e-04  -1.66755059e-04   9.99999555e-01]]
[ 0.00366879  0.06986618 -1.23412609]
read pose
[[  9.99975963e-01   6.93339612e-03  -4.69974897e-05]
 [ -6.93342226e-03   9.99975795e-01  -5.81072664e-04]
 [  4.29675451e-05   5.81384550e-04   9.99999830e-01]]
[ 0.02293015  0.05954647 -1.20824432]
read pose
[[  9.99999542e-01   8.68667651e-04  -4.02748134e-04]
 [ -8.68696650e-04   9.99999620e-01  -7.18321399e-05]
 [  4.02685582e-04   7.21819730e-05   9.99999916e-01]]
[ 0.0200386   0.02850533 -1.24758339]
read pose
[[  9.99998779e-01  -1.40249043e-03  -6.88824069e-04]
 [  1.40099113e-03   9.99996659e-01  -2.17228918e-03]
 [  6.91868383e-04   2.17132149e-03   9.99997403e-01]]
[ 0.02655125  0.03667641 -1.24676132]
read pose
[[  9.99999605e-01  -7.15357454e-04   5.27604795e-04]
 [  7.15643638e-04   9.99999597e-01  -5.42431417e-04]
 [ -5.27216550e-04   5.42808780e-04   9.99999714e-01]]
[-0.03398323  0.0119257  -1.2646513 ]
read pose
[[  9.99997254e-01   2.04505889e-03  -1.14438253e-03]
 [ -2.04477428e-03   9.99997878e-01   2.49818341e-04]
 [  1.14489099e-03  -2.47477651e-04   9.99999314e-01]]
[ 0.02775764  0.06424904 -1.19839668]
read pose
[[  9.99999692e-01  -6.11551259e-04  -4.92358113e-04]
 [  6.12549296e-04   9.99997753e-01   2.02946290e-03]
 [  4.91115886e-04  -2.02976387e-03   9.99997819e-01]]
[ 0.02745056  0.01985359 -1.2414732 ]
read pose
[[  9.99995322e-01   3.05375983e-03  -1.72487490e-04]
 [ -3.05331994e-03   9.99992225e-01   2.49543093e-03]
 [  1.80106596e-04  -2.49489260e-03   9.99996872e-01]]
[ 0.02913189  0.03066349 -1.19949341]
read pose
[[  9.99999242e-01  -5.14314125e-04  -1.11835399e-03]
 [  5.19571858e-04   9.99988791e-01   4.70611595e-03]
 [  1.11592103e-03  -4.70669345e-03   9.99988301e-01]]
[ 0.0163393   0.00754261 -1.24185276]
read pose
[[  9.99999769e-01  -2.90665948e-04  -6.14320042e-04]
 [  2.92837117e-04   9.99993701e-01   3.53713301e-03]
 [  6.13288048e-04  -3.53731208e-03   9.99993556e-01]]
[ 0.00466442  0.02919292 -1.22678757]
read pose
[[  9.99991739e-01   3.86539858e-03  -1.25687864e-03]
 [ -3.86497552e-03   9.99992474e-01   3.38844504e-04]
 [  1.25817894e-03  -3.33983900e-04   9.99999153e-01]]
[ 0.04256439  0.05860615 -1.19554138]
read pose
[[  9.99994882e-01   3.19385876e-03   1.86186671e-04]
 [ -3.19365715e-03   9.99994324e-01  -1.07323704e-03]
 [ -1.89613382e-04   1.07263693e-03   9.99999407e-01]]
[ 0.03505898  0.04133987 -1.30070305]
read pose
[[ 0.99999517 -0.00288736 -0.00115221]
 [ 0.0028846   0.999993   -0.00238285]
 [ 0.00115908  0.00237951  0.9999965 ]]
[ 0.05737209  0.06238461 -1.1856966 ]
read pose
[[  9.99997957e-01  -1.90802923e-03   6.67204871e-04]
 [  1.90834540e-03   9.99998067e-01  -4.73558976e-04]
 [ -6.66300017e-04   4.74831266e-04   9.99999665e-01]]
[ 0.0034771   0.00264168 -1.24090099]
read pose
[[ 0.99999566  0.00262532 -0.00133382]
 [-0.00262667  0.99999604 -0.00100808]
 [ 0.00133117  0.00101158  0.9999986 ]]
[ 0.09094906  0.06334877 -1.0959034 ]
read pose
[[  9.99999798e-01  -6.34607334e-04  -4.08333922e-05]
 [  6.34650894e-04   9.99999220e-01   1.07576410e-03]
 [  4.01506725e-05  -1.07578979e-03   9.99999421e-01]]
[ 0.01438522  0.01187325 -1.17363834]
read pose
[[  9.99999243e-01   1.16565378e-03  -3.93891972e-04]
 [ -1.16596175e-03   9.99999014e-01  -7.82552599e-04]
 [  3.92979398e-04   7.83011270e-04   9.99999616e-01]]
[ 0.06299114  0.05399609 -1.13687706]
read pose
[[  9.99998765e-01   6.90097761e-04   1.41172594e-03]
 [ -6.87146081e-04   9.99997579e-01  -2.09024793e-03]
 [ -1.41316500e-03   2.08927529e-03   9.99996819e-01]]
[ 0.00443268  0.03874588 -1.26289368]
read pose
[[  9.99999882e-01   2.62914024e-04   4.09243449e-04]
 [ -2.62733712e-04   9.99999868e-01  -4.40589357e-04]
 [ -4.09359233e-04   4.40481783e-04   9.99999819e-01]]
[ 0.03382492  0.03409386 -1.24249744]
read pose
[[ 0.99999611  0.001898    0.00204559]
 [-0.00190165  0.9999966   0.00178505]
 [-0.00204219 -0.00178894  0.99999631]]
[-0.04245281  0.03682041 -1.27309513]
read pose
[[  9.99995124e-01   2.69689936e-03   1.57408021e-03]
 [ -2.69765568e-03   9.99996247e-01   4.78556999e-04]
 [ -1.57278368e-03  -4.82800992e-04   9.99998647e-01]]
[-0.01929092  0.01759243 -1.20880318]
read pose
[[  9.99997439e-01   3.36509244e-04   2.23786383e-03]
 [ -3.36831744e-04   9.99999933e-01   1.43735093e-04]
 [ -2.23781531e-03  -1.44488508e-04   9.99997486e-01]]
[-0.02227592  0.02060318 -1.22981834]
read pose
[[  9.99999455e-01   1.02797141e-04   1.03938041e-03]
 [ -1.04392210e-04   9.99998817e-01   1.53469690e-03]
 [ -1.03922142e-03  -1.53480457e-03   9.99998282e-01]]
[ 0.01116276  0.01266956 -1.25240803]
read pose
[[  9.99999656e-01   4.49546214e-04   6.96833750e-04]
 [ -4.49628863e-04   9.99999892e-01   1.18453797e-04]
 [ -6.96780424e-04  -1.18767073e-04   9.99999750e-01]]
[ 0.02382088  0.03960133 -1.26063919]
read pose
[[  9.99996159e-01   2.73142866e-03  -4.69890154e-04]
 [ -2.73172734e-03   9.99996066e-01  -6.36171323e-04]
 [  4.68150649e-04   6.37452491e-04   9.99999687e-01]]
[ 0.07906628  0.04486752 -1.13875103]
read pose
[[  9.99999970e-01   6.28989177e-05   2.35803575e-04]
 [ -6.26414765e-05   9.99999402e-01  -1.09160990e-03]
 [ -2.35872095e-04   1.09159509e-03   9.99999376e-01]]
[ 0.02897453  0.02704906 -1.27691555]
read pose
[[  9.99999182e-01   1.25084299e-03  -2.68410560e-04]
 [ -1.25111581e-03   9.99998699e-01  -1.01867846e-03]
 [  2.67136004e-04   1.01901344e-03   9.99999445e-01]]
[ 0.05756474  0.03463936 -1.18801212]
read pose
[[  9.99998433e-01  -1.01704858e-03   1.44890438e-03]
 [  1.01695979e-03   9.99999481e-01   6.20135897e-05]
 [ -1.44896670e-03  -6.05400151e-05   9.99998948e-01]]
[-0.01607704  0.01095676 -1.24752903]
read pose
[[  9.99999961e-01   2.21902583e-04  -1.71692194e-04]
 [ -2.21938739e-04   9.99999953e-01  -2.10593494e-04]
 [  1.71645454e-04   2.10631591e-04   9.99999963e-01]]
[ 0.033391    0.02776623 -1.24882317]
read pose
[[  9.99999819e-01   5.28719406e-04   2.88739555e-04]
 [ -5.29134087e-04   9.99998826e-01   1.43799325e-03]
 [ -2.87978921e-04  -1.43814577e-03   9.99998924e-01]]
[ 0.02251434  0.02500916 -1.20740318]
read pose
[[  9.99998995e-01  -1.40712585e-03  -1.73521392e-04]
 [  1.40727936e-03   9.99998616e-01   8.87732892e-04]
 [  1.72272000e-04  -8.87976192e-04   9.99999591e-01]]
[ 0.03999519  0.01676178 -1.23701572]
read pose
[[  9.99996954e-01   2.46218277e-03   1.70644708e-04]
 [ -2.46194219e-03   9.99995995e-01  -1.39594108e-03]
 [ -1.74081087e-04   1.39551671e-03   9.99999011e-01]]
[ 0.04041672  0.05334282 -1.21366405]
read pose
[[  9.99999029e-01   1.36119188e-03  -2.98042465e-04]
 [ -1.36114507e-03   9.99999061e-01   1.57208018e-04]
 [  2.98256176e-04  -1.56802186e-04   9.99999943e-01]]
[ 0.02490616  0.04582977 -1.25695419]
read pose
[[  9.99994438e-01   3.27073654e-03  -6.52514306e-04]
 [ -3.26979247e-03   9.99993614e-01   1.44267768e-03]
 [  6.57228757e-04  -1.44053607e-03   9.99998746e-01]]
[ 0.02520561  0.03346252 -1.23717594]
read pose
[[  9.99996617e-01   2.38096084e-03   1.04739757e-03]
 [ -2.38061315e-03   9.99997111e-01  -3.33077606e-04]
 [ -1.04818758e-03   3.30583031e-04   9.99999396e-01]]
[-0.00483513  0.02616978 -1.16929817]
read pose
[[ 0.9999985  -0.00132408  0.00111692]
 [ 0.00132865  0.99999074 -0.00409424]
 [-0.00111149  0.00409572  0.99999099]]
[-0.02388382  0.0392828  -1.07125854]
read pose
[[  9.99999008e-01   1.05696627e-03   9.31013959e-04]
 [ -1.05389419e-03   9.99994019e-01  -3.29404600e-03]
 [ -9.34490086e-04   3.29306155e-03   9.99994141e-01]]
[-0.00852299  0.01659393 -1.19825363]
read pose
[[  9.99998812e-01  -5.70252343e-04   1.43194884e-03]
 [  5.70600584e-04   9.99999808e-01  -2.42797087e-04]
 [ -1.43181011e-03   2.43613870e-04   9.99998945e-01]]
[-0.01251888  0.03127861 -1.21835804]
read pose
[[  9.99996463e-01   4.27423436e-04  -2.62516008e-03]
 [ -4.21120442e-04   9.99997029e-01   2.40107771e-03]
 [  2.62617856e-03  -2.39996371e-03   9.99993672e-01]]
[ 0.09107685  0.0462532  -1.13242912]
read pose
[[  9.99997459e-01   2.16835299e-03   6.16507442e-04]
 [ -2.16956690e-03   9.99995696e-01   1.97520659e-03]
 [ -6.12221843e-04  -1.97653912e-03   9.99997859e-01]]
[-0.01044559  0.03047943 -1.26505756]
read pose
[[  9.99994943e-01   3.17863838e-03   9.89923168e-05]
 [ -3.17842764e-03   9.99992825e-01  -2.06087876e-03]
 [ -1.05542395e-04   2.06055370e-03   9.99997871e-01]]
[ 0.00230598  0.08309555 -1.00232697]
read pose
[[  9.99999404e-01   1.08829810e-03  -8.62649699e-05]
 [ -1.08840755e-03   9.99998590e-01  -1.27899261e-03]
 [  8.48729231e-05   1.27908574e-03   9.99999178e-01]]
[ 0.02859306  0.0414772  -1.15579128]
read pose
[[  9.99994539e-01   3.30480221e-03  -3.16378154e-05]
 [ -3.30485149e-03   9.99993077e-01  -1.71018498e-03]
 [  2.59857733e-05   1.71028020e-03   9.99998537e-01]]
[ 0.01526546  0.03951359 -1.25374126]
read pose
[[ 0.99999544  0.00273849 -0.00127565]
 [-0.00274124  0.99999391 -0.00215842]
 [ 0.00126973  0.00216191  0.99999686]]
[ 0.02750015  0.06996918 -1.19839191]
read pose
[[  9.99997301e-01  -9.40799189e-04  -2.12428948e-03]
 [  9.43182333e-04   9.99998927e-01   1.12113181e-03]
 [  2.12323244e-03  -1.12313238e-03   9.99997115e-01]]
[ 0.02785587  0.02418709 -1.1914463 ]
read pose
[[ 0.99999576  0.00244697 -0.0015803 ]
 [-0.0024447   0.99999597  0.00144009]
 [ 0.00158382 -0.00143622  0.99999771]]
[-0.01086235  0.03372288 -1.12975121]
read pose
[[  9.99995946e-01  -2.56221917e-03  -1.24190869e-03]
 [  2.56330611e-03   9.99996332e-01   8.74417313e-04]
 [  1.23966369e-03  -8.77597161e-04   9.99998847e-01]]
[ 0.00211048  0.04812908 -1.20162964]
read pose
[[  9.99997859e-01  -1.79557893e-03  -1.02832922e-03]
 [  1.79517917e-03   9.99998313e-01  -3.89546363e-04]
 [  1.02902695e-03   3.87699494e-04   9.99999395e-01]]
[-0.00748062  0.04204941 -1.16574574]
read pose
[[  9.99999225e-01  -7.87701836e-04  -9.64569759e-04]
 [  7.86902349e-04   9.99999347e-01  -8.28952538e-04]
 [  9.65222097e-04   8.28192873e-04   9.99999191e-01]]
[-0.0018177   0.0386095  -1.14975262]
read pose
[[  9.99998881e-01  -1.01826517e-06  -1.49587248e-03]
 [ -1.90767733e-06   9.99998087e-01  -1.95600793e-03]
 [  1.49587161e-03   1.95600859e-03   9.99996968e-01]]
[ 0.00728416  0.02441883 -1.17512226]
read pose
[[  9.99997399e-01  -1.97111668e-03  -1.14763422e-03]
 [  1.97160875e-03   9.99997965e-01   4.27800150e-04]
 [  1.14678864e-03  -4.30061723e-04   9.99999250e-01]]
[ 0.00243282  0.00372314 -1.19889545]
read pose
[[  9.99993082e-01  -3.18555256e-03  -1.92066834e-03]
 [  3.18601368e-03   9.99994897e-01   2.37066785e-04]
 [  1.91990335e-03  -2.43184421e-04   9.99998127e-01]]
[ 0.02541828 -0.00904655 -0.96314621]
read pose
[[  9.99998342e-01   1.15662149e-03  -1.40674779e-03]
 [ -1.15699017e-03   9.99999297e-01  -2.61297232e-04]
 [  1.40644457e-03   2.62924392e-04   9.99998976e-01]]
[ 0.04835796  0.03197098 -1.11855698]
read pose
[[  9.99999197e-01  -1.16416348e-04  -1.26153848e-03]
 [  1.16042632e-04   9.99999949e-01  -2.96307385e-04]
 [  1.26157292e-03   2.96160755e-04   9.99999160e-01]]
[ 0.01898193  0.03042889 -1.18679428]
read pose
[[  9.99974379e-01   7.15357374e-03   2.58355426e-04]
 [ -7.15366857e-03   9.99974344e-01   3.68002738e-04]
 [ -2.55716263e-04  -3.69841498e-04   9.99999899e-01]]
[ 0.0055666   0.09030342 -1.15223217]
read pose
[[  9.99993645e-01   3.36592545e-03  -1.17521853e-03]
 [ -3.36511264e-03   9.99994098e-01   6.92920685e-04]
 [  1.17754392e-03  -6.88961538e-04   9.99999069e-01]]
[ 0.02352238  0.0313549  -1.18824387]
read pose
[[  9.99994437e-01   3.32632826e-03   2.49452320e-04]
 [ -3.32641493e-03   9.99994407e-01   3.47820439e-04]
 [ -2.48293960e-04  -3.48648285e-04   9.99999908e-01]]
[-0.01142597  0.0300808  -1.14386559]
read pose
[[  9.99999275e-01  -1.17730101e-03   2.53050590e-04]
 [  1.17741522e-03   9.99999205e-01  -4.51649151e-04]
 [ -2.52518662e-04   4.51946770e-04   9.99999866e-01]]
[ 0.00698185 -0.00453377 -0.98879051]
read pose
[[  9.99995349e-01   2.18274349e-03   2.13038055e-03]
 [ -2.18123977e-03   9.99997371e-01  -7.07916264e-04]
 [ -2.13192015e-03   7.03266100e-04   9.99997480e-01]]
[-0.03379726  0.0443449  -1.02834034]
read pose
[[  9.99995342e-01   5.45849182e-04   3.00313442e-03]
 [ -5.44239795e-04   9.99999708e-01  -5.36693629e-04]
 [ -3.00342650e-03   5.35056704e-04   9.99995347e-01]]
[-0.05299187  0.06228447 -0.93982124]
read pose
[[  9.99997259e-01  -2.34114160e-03  -1.50784113e-05]
 [  2.34113793e-03   9.99997231e-01  -2.39230289e-04]
 [  1.56384415e-05   2.39194333e-04   9.99999971e-01]]
[ 0.03145313  0.0387373  -1.07705784]
read pose
[[  9.99999103e-01  -7.89647598e-04   1.08169046e-03]
 [  7.88537360e-04   9.99999162e-01   1.02643380e-03]
 [ -1.08250008e-03  -1.02557992e-03   9.99998888e-01]]
[-0.00712109  0.01605415 -1.054389  ]
read pose
[[  9.99998114e-01   1.54526703e-03   1.17641240e-03]
 [ -1.54551868e-03   9.99998783e-01   2.13030678e-04]
 [ -1.17608178e-03  -2.14848443e-04   9.99999285e-01]]
[ 0.01405239  0.05551624 -0.98919201]
read pose
[[ 0.99999483  0.00290165  0.00138586]
 [-0.00290004  0.99999512 -0.00116229]
 [-0.00138922  0.00115826  0.99999836]]
[ 0.01100636  0.07658005 -0.99627686]
read pose
[[  9.99992407e-01   2.83696205e-03   2.67161667e-03]
 [ -2.83680649e-03   9.99995974e-01  -6.20167365e-05]
 [ -2.67178185e-03   5.44374061e-05   9.99996429e-01]]
[ 0.00566959  0.03552246 -0.9442482 ]
read pose
[[  9.99995659e-01   8.81279170e-05   2.94520676e-03]
 [ -8.18436659e-05   9.99997720e-01  -2.13377395e-03]
 [ -2.94538809e-03   2.13352364e-03   9.99993386e-01]]
[-0.01656914  0.03532982 -1.00541019]
read pose
[[  9.99995250e-01   1.41641762e-03   2.73737005e-03]
 [ -1.41415001e-03   9.99998656e-01  -8.30147753e-04]
 [ -2.73854221e-03   8.26272758e-04   9.99995909e-01]]
[ 0.03132915  0.02854443 -0.93099499]
read pose
[[  9.99993777e-01  -8.23533660e-04   3.43033435e-03]
 [  8.24535052e-04   9.99999618e-01  -2.90518453e-04]
 [ -3.43009378e-03   2.93345076e-04   9.99994074e-01]]
[-0.00857067  0.02946091 -0.93444729]
read pose
[[  9.99994822e-01   1.67627448e-04   3.21355645e-03]
 [ -1.66874169e-04   9.99999959e-01  -2.34673375e-04]
 [ -3.21359566e-03   2.34135900e-04   9.99994809e-01]]
[ 0.00169277  0.04901695 -0.92513466]
read pose
[[  9.99994389e-01  -8.22479250e-05   3.34899433e-03]
 [  8.12985302e-05   9.99999956e-01   2.83621674e-04]
 [ -3.34901751e-03  -2.83347815e-04   9.99994352e-01]]
[-0.00576115  0.01879883 -0.96541595]
read pose
[[  9.99994379e-01  -2.94940109e-04   3.33990301e-03]
 [  2.97536341e-04   9.99999654e-01  -7.76867554e-04]
 [ -3.33967273e-03   7.77856930e-04   9.99994121e-01]]
[-0.00558376  0.03037071 -0.95888519]
read pose
[[  9.99991835e-01   2.33170491e-03   3.30052870e-03]
 [ -2.33362988e-03   9.99997109e-01   5.79498900e-04]
 [ -3.29916794e-03  -5.87196381e-04   9.99994385e-01]]
[ 0.00351524  0.03835392 -0.90761089]
read pose
[[  9.99993014e-01   4.24357768e-04   3.71362789e-03]
 [ -4.24494216e-04   9.99999909e-01   3.59543715e-05]
 [ -3.71361230e-03  -3.75305338e-05   9.99993104e-01]]
[-0.01941872  0.0318861  -0.91071796]
read pose
[[  9.99991678e-01  -2.75628077e-03   3.00787753e-03]
 [  2.75410351e-03   9.99995943e-01   7.27753127e-04]
 [ -3.00987122e-03  -7.19463065e-04   9.99995212e-01]]
[ 0.00813866  0.00618458 -0.86237717]
read pose
[[  9.99993225e-01  -3.95291905e-04   3.65966490e-03]
 [  3.94293688e-04   9.99999885e-01   2.73479172e-04]
 [ -3.65977258e-03  -2.72034337e-04   9.99993266e-01]]
[ 0.00785637  0.02912617 -0.84215736]
read pose
[[  9.99998068e-01  -2.00253377e-04   1.95523301e-03]
 [  1.98847857e-04   9.99999722e-01   7.19018201e-04]
 [ -1.95537645e-03  -7.18628018e-04   9.99997830e-01]]
[ 0.0407114   0.01868153 -0.78816605]
read pose
[[  9.99997857e-01  -1.46272746e-03   1.46539771e-03]
 [  1.46304824e-03   9.99998906e-01  -2.17856427e-04]
 [ -1.46507744e-03   2.19999908e-04   9.99998903e-01]]
[ 0.04721642  0.02517319 -0.75348759]
read pose
[[  9.99999387e-01  -5.11263819e-04   9.82405281e-04]
 [  5.11316983e-04   9.99999868e-01  -5.38656717e-05]
 [ -9.82377612e-04   5.43679592e-05   9.99999516e-01]]
[ 0.02117252  0.01951599 -0.75867939]
read pose
[[  9.99998626e-01   3.39684863e-04  -1.62232819e-03]
 [ -3.40711113e-04   9.99999742e-01  -6.32344146e-04]
 [  1.62211297e-03   6.32896023e-04   9.99998484e-01]]
[ 0.05150032  0.01957989 -0.72906971]
read pose
[[  9.99998904e-01  -7.70388282e-04  -1.26393165e-03]
 [  7.69838900e-04   9.99999609e-01  -4.35090120e-04]
 [  1.26426634e-03   4.34116620e-04   9.99999107e-01]]
[ 0.02726173  0.01402569 -0.75109005]
read pose
[[  9.99999753e-01  -7.14313774e-05  -6.99404515e-04]
 [  7.14120733e-05   9.99999997e-01  -2.76256499e-05]
 [  6.99406486e-04   2.75756972e-05   9.99999755e-01]]
[ 0.04531956  0.02621746 -0.68501282]
read pose
[[  9.99998419e-01  -3.24366767e-04  -1.74831836e-03]
 [  3.27523878e-04   9.99998316e-01   1.80581495e-03]
 [  1.74772967e-03  -1.80638471e-03   9.99996841e-01]]
[ 0.05647945  0.02177811 -0.6697216 ]
read pose
[[  9.99999674e-01   5.63027011e-04  -5.77961595e-04]
 [ -5.62050981e-04   9.99998418e-01   1.68752171e-03]
 [  5.78910801e-04  -1.68719632e-03   9.99998409e-01]]
[ 0.00384617  0.02140141 -0.72691154]
read pose
[[  9.99988907e-01   4.33721123e-03  -1.83701481e-03]
 [ -4.33566643e-03   9.99990245e-01   8.44078224e-04]
 [  1.84065783e-03  -8.36104177e-04   9.99997956e-01]]
[ 0.04945564  0.05073547 -0.64844227]
read pose
[[  9.99994735e-01   3.17785817e-03  -6.56469875e-04]
 [ -3.17777673e-03   9.99994943e-01   1.25070190e-04]
 [  6.56864010e-04  -1.22983417e-04   9.99999777e-01]]
[ 0.01301193  0.04596996 -0.65819073]
read pose
[[ 0.99999649  0.00121583 -0.00235421]
 [-0.00121886  0.99999843 -0.00128371]
